num:0
order   radius     thickness     n     V     r     conic     ai      fit=0.019943388178944588    aper_idx=4
0      27.3323       13.1543       1.76       71.3       17.9599       0.0      
1      1992.7801       4.0435       1.0       inf       14.3017       0.0      
2      -48.1902       5.722       1.51       33.2128       9.2912       0.0      
3      18.9172       1.9197       1.0       inf       5.486       0.0      
4      inf       5.0854       1.0       inf       4.8935       0.0      
5      41.9676       8.1901       1.7578       62.9546       9.2318       0.0      
6      -37.4454       20.1647       1.0       inf       10.5213       0.0      
end

num:1
order   radius     thickness     n     V     r     conic     ai      fit=0.02681412361562252    aper_idx=4
0      21.3742       8.7114       1.7565       27.5       15.7673       0.0      
1      12.5804       2.4865       1.0       inf       10.827       0.0      
2      14.4632       14.9414       1.7571       71.3       10.6916       0.0      
3      16.7476       1.9737       1.0       inf       5.3377       0.0      
4      inf       2.3269       1.0       inf       4.7857       0.0      
5      35.8484       10.2397       1.7579       70.6726       6.9082       0.0      
6      -40.8588       19.0802       1.0       inf       9.0247       0.0      
end

num:2
order   radius     thickness     n     V     r     conic     ai      fit=0.0370747447013855    aper_idx=4
0      21.5311       8.9128       1.51       27.5       15.7335       0.0      
1      12.5899       2.9788       1.0       inf       10.9867       0.0      
2      15.2137       14.4446       1.76       71.3       10.7965       0.0      
3      14.9678       2.4334       1.0       inf       5.4806       0.0      
4      inf       1.5916       1.0       inf       5.0218       0.0      
5      28.9731       8.0594       1.51       71.3       6.7304       0.0      
6      -22.8787       21.3251       1.0       inf       8.47       0.0      
end

num:3
order   radius     thickness     n     V     r     conic     ai      fit=0.057361721992492676    aper_idx=4
0      22.2234       10.0161       1.5111       71.0466       16.9426       0.0      
1      12.9271       3.1399       1.0       inf       11.5451       0.0      
2      15.2279       14.6221       1.7569       71.3       11.3512       0.0      
3      17.3965       3.4531       1.0       inf       5.9315       0.0      
4      inf       2.1385       1.0       inf       4.737       0.0      
5      44.3582       7.111       1.7577       39.3205       6.5194       0.0      
6      -44.9659       19.3301       1.0       inf       8.0491       0.0      
end

num:4
order   radius     thickness     n     V     r     conic     ai      fit=0.05826666206121445    aper_idx=4
0      25.3938       14.0811       1.7528       70.9695       17.14       0.0      
1      64.501       3.886       1.0       inf       12.1978       0.0      
2      -79.758       4.4185       1.7594       28.2136       10.0486       0.0      
3      88.4355       6.1157       1.0       inf       8.1169       0.0      
4      inf       1.2566       1.0       inf       4.9711       0.0      
5      36.275       5.8832       1.7554       33.7429       6.1179       0.0      
6      -108.6909       20.3471       1.0       inf       7.2495       0.0      
end

num:5
order   radius     thickness     n     V     r     conic     ai      fit=0.06099732965230942    aper_idx=4
0      15.9062       7.8098       1.7537       68.6232       14.8893       0.0      
1      10.6416       4.6393       1.0       inf       10.1887       0.0      
2      13.9388       10.0361       1.7565       71.3       9.8256       0.0      
3      14.281       3.0664       1.0       inf       5.9036       0.0      
4      inf       2.4248       1.0       inf       5.0764       0.0      
5      34.5689       11.1966       1.5191       70.3349       7.1775       0.0      
6      -22.4481       20.0362       1.0       inf       9.6636       0.0      
end

num:6
order   radius     thickness     n     V     r     conic     ai      fit=0.06395480036735535    aper_idx=4
0      17.3503       8.1259       1.76       52.8224       15.5771       0.0      
1      11.3769       3.5878       1.0       inf       10.6724       0.0      
2      13.602       13.2404       1.51       71.3       10.4185       0.0      
3      21.5149       2.4865       1.0       inf       5.9032       0.0      
4      inf       3.8539       1.0       inf       5.1452       0.0      
5      56.6025       7.8655       1.76       47.4934       7.8684       0.0      
6      -39.7738       20.8425       1.0       inf       9.3216       0.0      
end

num:7
order   radius     thickness     n     V     r     conic     ai      fit=0.06493911147117615    aper_idx=4
0      21.4877       11.1798       1.7522       27.5       17.478       0.0      
1      12.4074       3.1022       1.0       inf       11.0968       0.0      
2      14.6033       15.0       1.7592       71.2783       10.8933       0.0      
3      16.3035       2.0662       1.0       inf       5.2261       0.0      
4      inf       1.637       1.0       inf       4.5046       0.0      
5      29.0379       8.0991       1.5162       33.6056       6.5291       0.0      
6      -22.3057       18.0413       1.0       inf       8.4737       0.0      
end

