num:0
order   radius     thickness     n     V     r     conic     ai      fit=0.029292182996869087    aper_idx=4
0      15.8625       7.2522       1.5129       27.641       14.671       0.0      
1      10.0       12.3975       1.0       inf       9.7421       0.0      
2      13.1372       7.7471       1.7565       69.4829       6.5528       0.0      
3      12.8119       1.5716       1.0       inf       3.2558       0.0      
4      inf       1.356       1.0       inf       2.5545       0.0      
5      39.2843       6.134       1.7596       71.1528       3.8266       0.0      
6      -21.2044       18.024       1.0       inf       5.7712       0.0      
end

num:1
order   radius     thickness     n     V     r     conic     ai      fit=0.032916367053985596    aper_idx=4
0      16.5326       5.436       1.5148       27.5392       13.3355       0.0      
1      10.0       10.3045       1.0       inf       9.31       0.0      
2      12.9368       9.0165       1.512       30.1443       6.8257       0.0      
3      13.2494       1.6345       1.0       inf       3.2715       0.0      
4      inf       1.2393       1.0       inf       2.9215       0.0      
5      38.0509       6.1302       1.7597       71.3       3.8898       0.0      
6      -22.0662       21.521       1.0       inf       5.6325       0.0      
end

num:2
order   radius     thickness     n     V     r     conic     ai      fit=0.04017086327075958    aper_idx=4
0      16.3207       7.7282       1.759       71.1296       14.5987       0.0      
1      10.0121       7.417       1.0       inf       9.3586       0.0      
2      16.2351       10.8819       1.7528       37.4774       7.7772       0.0      
3      15.4029       1.4138       1.0       inf       3.0041       0.0      
4      inf       1.0       1.0       inf       2.4346       0.0      
5      50.8483       8.7772       1.7599       69.7126       3.7715       0.0      
6      -15.0748       18.2368       1.0       inf       6.8179       0.0      
end

num:3
order   radius     thickness     n     V     r     conic     ai      fit=0.047091662883758545    aper_idx=4
0      15.7825       6.769       1.51       68.3002       13.8641       0.0      
1      10.0       9.8243       1.0       inf       9.3743       0.0      
2      12.1191       7.0986       1.7451       41.2383       6.6237       0.0      
3      11.2482       2.1685       1.0       inf       3.4374       0.0      
4      inf       1.0872       1.0       inf       2.5445       0.0      
5      32.1116       7.0979       1.5174       70.0843       3.7997       0.0      
6      -12.3891       18.0964       1.0       inf       6.2172       0.0      
end

num:4
order   radius     thickness     n     V     r     conic     ai      fit=0.048144012689590454    aper_idx=4
0      19.5922       9.1037       1.76       27.5       15.4075       0.0      
1      10.1729       7.6031       1.0       inf       9.1737       0.0      
2      13.4666       10.2565       1.7481       28.366       7.5769       0.0      
3      16.3752       1.5012       1.0       inf       3.4818       0.0      
4      inf       1.207       1.0       inf       2.5412       0.0      
5      44.2052       6.7022       1.7582       33.6851       3.7164       0.0      
6      -18.6771       18.1799       1.0       inf       5.9391       0.0      
end

num:5
order   radius     thickness     n     V     r     conic     ai      fit=0.05301940441131592    aper_idx=4
0      65.9721       7.5163       1.5138       28.3201       17.7948       0.0      
1      101.2216       10.6906       1.0       inf       14.7548       0.0      
2      13.9184       6.4762       1.7416       27.9296       6.5743       0.0      
3      10.119       1.6063       1.0       inf       3.162       0.0      
4      inf       1.0       1.0       inf       2.3993       0.0      
5      185.5299       14.5584       1.7594       71.171       3.6432       0.0      
6      -14.264       18.0517       1.0       inf       8.956       0.0      
end

num:6
order   radius     thickness     n     V     r     conic     ai      fit=0.056967031210660934    aper_idx=4
0      43.2655       10.633       1.7572       69.9584       18.3689       0.0      
1      -178.1855       3.2342       1.0       inf       15.1058       0.0      
2      -28.2772       4.5048       1.752       71.3       5.379       0.0      
3      1154.7101       1.2763       1.0       inf       3.4826       0.0      
4      inf       1.1986       1.0       inf       2.6026       0.0      
5      145.5577       8.4953       1.7589       71.3       3.4292       0.0      
6      -16.1986       19.3273       1.0       inf       6.3172       0.0      
end

num:7
order   radius     thickness     n     V     r     conic     ai      fit=0.057727959007024765    aper_idx=4
0      183.5293       9.5917       1.5119       32.4455       15.7157       0.0      
1      -71.026       7.8977       1.0       inf       12.4957       0.0      
2      -12.6239       5.4697       1.5921       33.6684       4.6098       0.0      
3      -15.7173       1.0343       1.0       inf       3.1396       0.0      
4      inf       1.4448       1.0       inf       3.2522       0.0      
5      141.2231       7.6869       1.76       65.6498       3.9134       0.0      
6      -24.6002       23.3277       1.0       inf       5.994       0.0      
end

num:8
order   radius     thickness     n     V     r     conic     ai      fit=0.0624270923435688    aper_idx=4
0      155.7619       14.4411       1.5162       56.4868       19.1397       0.0      
1      -6060.5856       4.2436       1.0       inf       13.4848       0.0      
2      15.3205       8.5356       1.5138       27.5       8.4733       0.0      
3      11.4047       2.0343       1.0       inf       3.7482       0.0      
4      inf       2.7604       1.0       inf       2.4214       0.0      
5      -402.2252       9.782       1.7453       67.7427       5.1431       0.0      
6      -13.692       18.127       1.0       inf       8.429       0.0      
end

